-1 2 0
-3 4 0
-5 6 0
-7 8 0
-9 10 0
11 1 3 0
5 0
7 9 0
-11 -1 0
-11 -3 0
-1 -3 0
-7 -9 0
-7 -5 12 0
7 -12 0
5 -12 0
-11 12 0
-9 -13 14 0
9 -14 0
13 -14 0
-11 14 0
-7 -15 16 0
7 -16 0
15 -16 0
-7 -17 18 0
7 -18 0
17 -18 0
-7 -5 12 0
7 -12 0
5 -12 0
-1 16 18 12 0
-9 -19 20 0
9 -20 0
19 -20 0
-9 -21 22 0
9 -22 0
21 -22 0
-9 -23 24 0
9 -24 0
23 -24 0
-9 -25 26 0
9 -26 0
25 -26 0
-9 -27 28 0
9 -28 0
27 -28 0
-9 -29 30 0
9 -30 0
29 -30 0
-9 -31 32 0
9 -32 0
31 -32 0
-9 -5 33 0
9 -33 0
5 -33 0
-9 -13 14 0
9 -14 0
13 -14 0
-1 20 22 24 26 28 30 32 33 14 0
-7 -15 16 0
7 -16 0
15 -16 0
-3 16 0
-9 -21 22 0
9 -22 0
21 -22 0
-9 -25 26 0
9 -26 0
25 -26 0
-9 -5 33 0
9 -33 0
5 -33 0
-3 22 26 33 0
